4682 4682 4682 5050 3244 3571 7670 6233 2711 2065 
4682 4682 4682 5050 3244 3571 7670 6233 2711 2065 
2611 2611 2611 2979 1468 6611 5722 3224 2711 1781 
6361 6361 6361 6729 2593 5709 6195 1771 3879 1464 
791 791 791 1454 4132 5304 2481 4684 3025 8040 
6565 6565 6565 4603 6842 6316 2137 3857 4285 5314 
3219 3219 3219 3255 8917 3763 3610 4132 7217 8224 
5574 5574 5574 7198 7894 2451 1290 6287 4728 8374 
7432 7432 7432 9435 6675 3968 4016 7469 5809 6315 
6428 6428 6428 6538 2222 4974 2736 5918 5297 6478 
