2 0
2 0
2 0
3 0
4 0
5 0
6 0
7 0
8 0
9 0
7 0
0 1
10 0
0 2
10 0
0 3
11 0
1 1
6 0
12 0
13 0
0 1
6 0
7 0
0 4
11 0
1 2
6 0
14 0
0 5
11 0
1 3
6 0
7 0
0 6
11 0
1 4
6 0
7 0
0 7
11 0
1 5
6 0
15 0
0 5
11 0
0 5
16 0
1 1
6 0
17 0
18 0
0 5
19 0
20 0
21 0
18 0
7 0
0 8
11 0
1 6
6 0
0 8
22 0
0 1
6 0
0 8
11 0
0 8
16 0
1 1
19 0
9 0
7 0
0 5
6 0
21 0
18 0
7 0
0 7
11 0
1 1
6 0
0 7
22 0
0 9
6 0
0 8
11 0
0 8
16 0
1 1
19 0
9 0
23 0
18 0
0 8
24 0
1 1
19 0
9 0
0 8
11 0
0 8
16 0
1 1
6 0
25 0
18 0
0 10
26 0
1 1
19 0
9 0
27 0
28 0
1 7
6 0
29 0
29 0
29 0
12 0
13 0
0 5
6 0
0 11
11 0
0 11
16 0
0 5
6 0
29 0
27 0
28 0
1 8
28 0
0 11
28 0
1 9
16 0
1 10
6 0
30 0
1 6
6 0
29 0
