2 0
2 0
2 0
3 0
4 0
5 0
6 0
7 0
8 0
9 0
7 0
0 1
10 0
0 2
10 0
0 3
11 0
1 1
6 0
12 0
13 0
0 1
6 0
7 0
0 4
11 0
1 2
6 0
14 0
0 5
11 0
1 3
6 0
7 0
0 6
11 0
1 4
6 0
7 0
0 7
11 0
1 5
6 0
15 0
15 0
1 1
16 0
1 1
17 0
16 0
1 6
16 0
15 0
1 7
16 0
1 8
17 0
17 0
18 0
0 5
11 0
0 5
19 0
1 1
6 0
20 0
15 0
0 5
17 0
21 0
22 0
15 0
7 0
0 8
11 0
1 9
6 0
0 8
23 0
0 1
6 0
0 8
11 0
0 8
19 0
1 1
17 0
9 0
7 0
0 5
6 0
22 0
15 0
7 0
0 7
11 0
1 1
6 0
0 7
23 0
0 9
6 0
0 8
11 0
0 8
19 0
1 1
17 0
9 0
24 0
15 0
0 8
25 0
1 1
17 0
9 0
0 8
11 0
0 8
19 0
1 1
6 0
26 0
15 0
0 10
27 0
1 1
17 0
9 0
28 0
29 0
1 10
6 0
30 0
30 0
30 0
12 0
13 0
0 5
6 0
0 11
11 0
0 11
19 0
0 5
6 0
30 0
28 0
29 0
1 11
29 0
0 11
29 0
1 8
19 0
1 12
6 0
31 0
1 9
6 0
30 0
