0 0
1 1
2 2
3 3
4 4
5 5
6 6
7 6
8 6
9 6
10 6
11 6
12 6
13 6
14 6
15 6
16 7
17 7
18 7
19 7
20 7
21 7
22 7
23 7
24 7
25 7
26 7
27 7
28 7
29 7
30 7
31 7
32 8
33 8
34 8
35 8
36 8
37 8
38 8
39 8
40 8
41 8
42 8
43 8
44 8
45 8
46 8
47 8
48 9
49 9
50 9
51 9
52 9
53 9
54 9
55 9
56 9
57 9
58 9
59 9
60 9
61 9
62 9
63 9
64 10
65 10
66 10
67 10
68 10
69 10
70 10
71 10
72 10
73 10
74 10
75 10
76 10
77 10
78 10
79 10
80 11
81 11
82 11
83 11
84 11
85 11
86 11
87 11
88 11
89 11
90 11
91 11
92 11
93 11
94 11
95 11
96 12
97 12
98 12
99 12
100 12
101 12
102 12
103 12
104 12
105 12
106 12
107 12
108 12
109 12
110 12
111 12
